12.7846341991342, -59.765566378066374, 32.79792102018074
14.817249428839611, -59.785838729279135, 33.03960374726512
16.849294683743306, -59.73356946334154, 33.24262578978197
18.878361074055036, -59.61174296587636, 33.40376255242033
20.90229426514352, -59.422902693566904, 33.52031189333469
22.91912283118495, -59.16916741624821, 33.59004702150592
24.926994951586, -58.85224725599595, 33.61117813516902
26.92412114888829, -58.47345779313758, 33.582322574117235
28.908720812535478, -58.033731100077965, 33.502483275357854
30.878970288487352, -57.53362298751911, 33.37103541381164
32.83295030183424, -56.97331606176634, 33.187721257270034
34.76859039320734, -56.35261844897933, 32.862870919144015
36.6836078728703, -55.670958293714925, 32.55963763578662
38.57543851771983, -54.92737444021544, 32.20644039871578
40.44115585155693, -54.12050412188977, 31.804770206409007
42.276965411301234, -53.24774282169961, 31.356616762182355
44.07876287132172, -52.30681730325467, 30.864531371260494
45.84201515456344, -51.29555296693106, 30.14570055035949
47.560573438338515, -50.210106119552215, 29.56481523426366
49.2262082014009, -49.045133947351324, 28.508954065753986
50.830916116019864, -47.797657088267016, 27.045483932461092
52.361891380357754, -46.46079047521392, 25.498191979884236
53.804760049018114, -45.02943726295243, 23.850825362564958
55.141400124633016, -43.498592927631854, 22.081018284704264
56.34837548546058, -41.86377304246298, 20.156572527103453
57.397396538626815, -40.123621201163566, 18.028085012685853
58.255984215554946, -38.2822814950439, 15.612329594814863
58.886776256464955, -36.351293880352465, 12.747100897730572
59.25806256435213, -34.35438644977571, 9.013509003197104
59.34980591630592, -32.32537590187593, 0.000001066240299940009
59.34980591630592, -32.3253759018759, 0
58.816662111526306, -12.332483222640484, 0
endData
50
200
50
12.7846341991342, -59.765566378066374, 34.61205844155844, -60.389207070707066, 59.76556637806638, -47.91639321789322, 59.34980591630592, -32.3253759018759
