-59.765566378066374, 28.99929220779221, 27.50265772906185
-59.694056604264624, 31.003504946992283, 26.00339708254571
-59.64192975742537, 33.00831174844918, 24.41223638713445
-59.61204223101755, 35.013571092094274, 22.709865762620016
-59.608205541035, 37.019045104466656, 20.869089478493123
-59.63412600500893, 39.02434887342412, 18.849404347313122
-59.694644378293816, 41.02890000623107, 16.58558005246666
-59.7934366535042, 43.03192759476126, 13.95933271020761
-59.92382130322659, 45.03317180286119, 10.707169813931412
-59.99986129238389, 47.03645953385749, 6.599117334111125
-59.48364216730939, 48.95004276336076, 6.345570612681964
-58.29685570808906, 50.564188843817774, 10.199621739118843
-57.02165967185306, 52.11205031606908, 14.890469906443618
-55.76186168198384, 53.672444310917484, 12.66640631770201
-54.5287860391388, 55.25403705703539, 8.956508063542016
-53.32127922077922, 56.855243145743145, 0
-53.32127922077922, 56.855243145743145, 0
-41.39927925546276, 72.9134471806592, 0
endData
20
62.83
50
-59.765566378066374, 28.99929220779221, -58.72616522366522, 54.776440836940836, -63.50741053391053, 43.135147907647905, -53.32127922077922, 56.855243145743145
