-11.121592352092351, 59.14192568542568, 32.54730188241229
-13.175713050451689, 59.08383573933972, 33.06661656034062
-15.230525579919226, 59.059694853746024, 33.499723596854636
-17.285489342521114, 59.059699584967696, 33.84111109537781
-19.340402520925327, 59.074935614991965, 34.08711480850379
-21.395255212015886, 59.097103223029976, 34.235726878253566
-23.45011808169951, 59.11826592677251, 34.28648045290941
-25.50504947830976, 59.1306164426894, 34.24040303958872
-27.560006913289865, 59.1262533115398, 34.10003449034538
-29.61475005398059, 59.096962120643774, 33.86950838309597
-31.66872211460718, 59.033997047393946, 33.55469798573735
-33.72089504018388, 58.92786178250568, 33.16342965002302
-35.769561569843205, 58.76809459617594, 32.54056318351356
-37.81205499939216, 58.543071728394196, 32.01456962977954
-39.84437704784449, 58.23985819013388, 31.456483956622545
-41.86014059672119, 57.84152422192333, 30.88673576739918
-43.85101315710549, 57.333660093943976, 30.1520047490005
-45.80519053009058, 56.699406237250095, 29.658307239538367
-47.70486125651249, 55.917291257061045, 29.143327983510325
-49.53091375398123, 54.976411343861365, 28.91615416405284
-51.25553030486699, 53.86072215662372, 28.906292584424975
-52.85433427321578, 52.57149057724641, 29.173529838795332
-54.300289520605794, 51.11292931632989, 29.968020729667316
-55.57817799362925, 49.505009198679765, 28.667191893909518
-56.67527897686107, 47.76854939906604, 27.196467067344173
-57.59692556088852, 45.93284971168085, 25.64146650950165
-58.35170952658338, 44.022309115405186, 23.985736855730835
-58.95406208952628, 42.05818174750513, 22.20673173167888
-59.41833416973835, 40.05673667513115, 20.272035493189218
-59.76016961541557, 38.030734192897604, 18.132013150954712
-59.995352777447046, 35.989524345173876, 15.702908943057935
-60.13748622500892, 33.93966462157942, 12.821469935707661
-60.19642194464159, 31.885656155381774, 9.066197589900469
-60.18132683982684, 29.830813131313175, 0.0000013058723390225556
-60.18132683982684, 29.830813131313132, 0
-59.705271280901066, 9.836479656430413, 0
endData
20
62.83
50
-11.121592352092351, 59.14192568542568, -32.74113636363636, 58.31040476190476, -61.01284776334776, 64.7546919191919, -60.18132683982684, 29.830813131313132
