-35.85933982683983, 8.003388888888889, 38.88231814807609
-34.279247815423524, 9.26990653099976, 37.826357925904205
-32.80187439548339, 10.65457795270032, 36.740169417847476
-31.456720235062438, 12.167671351437448, 35.62102150620099
-30.27059864390688, 13.808149965236266, 34.465672264840535
-29.277858802801514, 15.572245726418537, 33.270298769500414
-28.509898666382345, 17.44494741096623, 32.03046705955705
-27.989983320786262, 19.400895570997914, 31.121180315302468
-27.729544726518064, 21.407951013183364, 30.417658649859085
-27.72917200890259, 23.432032740061075, 30.18013514998183
-27.98076333368481, 25.440580317612795, 30.11147698035771
-28.458998504950387, 27.407656095510344, 30.167419132097496
-29.14472565040856, 29.312560619314908, 30.244635260609144
-30.016230758438148, 31.1400868781311, 30.304446707959944
-31.050774589185828, 32.88062554174197, 30.269355378534495
-32.23439691081695, 34.52352253279263, 30.135210850372484
-33.5529610529243, 36.060244166735444, 29.77045120509795
-34.994091546694484, 37.482700164210605, 29.343745585364324
-36.55383806952714, 38.77391032847231, 28.782599228319867
-38.221970481091894, 39.92149768952957, 27.8356274331353
-39.9969192632487, 40.89540280750291, 26.697109184234602
-41.86972188761416, 41.663311124005006, 25.43528632901138
-43.82778895593478, 42.17363813664218, 23.791063436235984
-45.84200879575795, 42.35671664451721, 22.025298618916167
-47.84966629905568, 42.12518839575242, 20.106596782738873
-49.740839318367506, 41.4166186495414, 17.98591098099872
-51.38294737716997, 40.241034672505776, 15.579205494873271
-52.6921545342705, 38.701310414439796, 12.722749185116461
-53.66819251938639, 36.9296290528204, 8.997692542206137
-54.360680375180365, 35.02781890331893, 0.000001082523487237895
-54.36068037518037, 35.0278189033189, 0
-59.95352114972836, 15.82573224403749, 0
endData
20
62.83
50
-35.85933982683983, 8.003388888888889, -11.745233044733045, 25.881088744588745, -48.12427344877345, 56.43948268398268, -54.36068037518037, 35.0278189033189
