-33.364777056277056, -4.8851854256854255, 34.30138806631521
-31.263834317198228, -4.793465562485541, 33.052495645874814
-29.162429716742892, -4.712869927857639, 31.75451912841438
-27.06114475289027, -4.629262323324932, 30.4011772783847
-24.96077494920931, -4.525481061285103, 28.984725144051517
-22.862932485351447, -4.379870552027073, 27.49543053867655
-20.77125245002737, -4.1639700679913805, 25.920782793314153
-18.69408003223057, -3.838113319089846, 24.244255427414622
-16.650616419116467, -3.345218609136863, 22.4432887988495
-14.68422401330486, -2.605511259873529, 20.485712108487263
-12.887475944363675, -1.5209885258790599, 18.322577952982186
-11.414042244631231, -0.02993376609587807, 15.870317763173492
-10.401477157391227, 1.8058836569659875, 12.96167676148642
-9.851902447916034, 3.831733291034857, 9.167454614348372
-9.666430735930735, 5.92458658008657, 6.529361695112778e-7
-9.666430735930735, 5.92458658008658, 0
-9.289139396978463, 25.921027544557024, 0
endData
20
62.83
50
-33.364777056277056, -4.8851854256854255, -20.476202741702743, -4.261544733044733, -9.874310966810967, -5.093065656565656, -9.666430735930735, 5.92458658008658
