-58.51828499278499, -36.898740981240984, 23.709689608335697
-58.07293160432308, -38.88360472770818, 21.92671542874462
-56.95704205286695, -40.57399573617804, 19.994025034395612
-55.23487599154418, -41.643382290570614, 21.32367904436756
-53.24812528394262, -42.086403734540326, 24.291033728695602
-51.20899983433219, -42.10642218735724, 27.213712797021323
-49.18408543529436, -41.854873327383324, 29.567023089884856
-47.190051161203634, -41.4197462535288, 31.68775956771075
-45.22964219005182, -40.851179442307426, 33.48842027929014
-43.30238125247104, -40.17844142572173, 34.91436461595621
-41.405989634701555, -39.422908069318204, 35.761326825082605
-39.5393632669976, -38.59647539590586, 36.333668817849656
-37.70133190623661, -37.70822241937293, 36.622676575826745
-35.89129069337609, -36.76422171875388, 35.96264632985044
-34.10943531047994, -35.76802788306455, 34.808834836075846
-32.35673336282079, -34.721382966273026, 33.61544062976832
-30.635713735101486, -33.623433058384116, 32.37809414888266
-28.949509112477898, -32.472759596192546, 31.091554644502473
-27.30478472718617, -31.263593876949855, 29.74945186578891
-25.712094950512697, -29.9867828506293, 28.343921258146484
-24.202978186116866, -28.61305099410298, 26.988267375961197
-22.854350146592548, -27.08199070352864, 26.203107873681482
-21.69730024469517, -25.401537487102257, 25.506197661144004
-20.754132271966363, -23.592468132741377, 24.872516523888013
-20.048983103056756, -21.678165904043844, 24.28892168760666
-19.605942378715834, -19.687019814138697, 23.67310069613982
-19.44853117778524, -17.653473540967674, 23.221096003012967
-19.6036197292457, -15.620035407836413, 22.83270196935466
-20.08860515552133, -13.639617289441457, 22.681121961756045
-20.910895738818017, -11.774131221005089, 22.814360124099544
-22.058296225753637, -10.089107252488505, 22.125508139037457
-23.492147708455263, -8.639864558632791, 20.198780426274467
-25.15510405401472, -7.459917466090735, 18.067345828300684
-26.98301513318339, -6.555176417423054, 15.647571198925748
-28.91931571894398, -5.9129211949336105, 12.77673655115112
-30.91850182695663, -5.504957628434815, 9.034905333501248
-32.94901659451659, -5.300945887445887, 0
-52.91986206006676, -4.221440727145878, 0
endData
20
62.83
50
-58.51828499278499, -36.898740981240984, -57.47888383838384, -48.95579437229437, -34.196297979797976, -37.522381673881675, -25.04956782106782, -29.41505266955267
-25.04956782106782, -29.41505266955267, -15.902837662337662, -21.307723665223666, -17.56587950937951, -6.132466810966811, -32.94901659451659, -5.300945887445887
