-35.85933982683983, 8.003388888888889, 48.4513755836943
-34.279247815423524, 9.26990653099976, 47.60813465493703
-32.80187439548339, 10.65457795270032, 46.74977198057906
-31.456720235062438, 12.167671351437448, 45.87546516962235
-30.27059864390688, 13.808149965236266, 44.98426053689666
-29.277858802801514, 15.572245726418537, 44.07509400552449
-28.509898666382345, 17.44494741096623, 43.14686490855818
-27.989983320786262, 19.400895570997914, 42.19830798681403
-27.729544726518064, 21.407951013183364, 41.227926245781106
-27.72917200890259, 23.432032740061075, 40.23404816917883
-27.98076333368481, 25.440580317612795, 39.2149065263589
-28.458998504950387, 27.407656095510344, 38.168493231333294
-29.14472565040856, 29.312560619314908, 37.092466656767556
-30.016230758438148, 31.1400868781311, 35.984211055767254
-31.050774589185828, 32.88062554174197, 34.84066633514521
-32.23439691081695, 34.52352253279263, 33.65824548895141
-33.5529610529243, 36.060244166735444, 32.43273701090439
-34.994091546694484, 37.482700164210605, 31.159047653978355
-36.55383806952714, 38.77391032847231, 29.83105929694575
-38.221970481091894, 39.92149768952957, 28.441202518163898
-39.9969192632487, 40.89540280750291, 26.97996849698804
-41.86972188761416, 41.663311124005006, 25.43528632901138
-43.82778895593478, 42.17363813664218, 23.791063436235984
-45.84200879575795, 42.35671664451721, 22.025298618916167
-47.84966629905568, 42.12518839575242, 20.106596782738873
-49.740839318367506, 41.4166186495414, 17.98591098099872
-51.38294737716997, 40.241034672505776, 15.579205494873271
-52.6921545342705, 38.701310414439796, 12.722749185116461
-53.66819251938639, 36.9296290528204, 8.997692542206137
-54.360680375180365, 35.02781890331893, 0.000001082523487237895
-54.36068037518037, 35.0278189033189, 0
-59.95352114972836, 15.82573224403749, 0
endData
20
62.83
50
-35.85933982683983, 8.003388888888889, -11.745233044733045, 25.881088744588745, -48.12427344877345, 56.43948268398268, -54.36068037518037, 35.0278189033189
